308.094 49.281
248.406 114.500
187.156 138.625
185.813 139.406
168.031 87.438
146.094 169.094
105.688 220.125
62.063 183.844
52.094 220.188
85.750 266.500
76.125 330.250
18.500 321.594
81.844 381.344
105.813 442.000
106.844 443.813
53.594 463.563
77.875 489.063
137.344 484.219
187.469 523.469
151.188 570.250
235.281 543.906
298.219 553.063
290.219 611.781
349.906 547.000
409.219 523.313
412.375 521.375
432.156 574.750
452.563 490.594
491.750 439.781
536.250 476.000
546.219 439.375
511.406 392.719
520.219 332.344
580.406 339.469
514.313 279.844
490.531 219.875
490.344 219.656
545.469 196.719
520.563 170.875
458.969 177.781
409.000 138.531
445.281 92.844
361.688 118.219
300.625 108.875
308.094 49.281

